162.bmp 649.bmp 611.bmp 
0.bmp 6.7503e+08 6.27847e+08 5.25109e+08
1.bmp 5.54666e+08 5.60561e+08 4.17146e+08
2.bmp 6.86515e+08 5.15927e+08 5.33803e+08
3.bmp 5.88494e+08 5.44876e+08 4.4073e+08
4.bmp 6.32906e+08 6.95105e+08 5.30196e+08
5.bmp 6.78523e+08 4.37971e+08 5.1827e+08
6.bmp 6.59463e+08 5.3776e+08 4.84076e+08
7.bmp 5.83352e+08 5.10212e+08 4.29341e+08
8.bmp 6.63866e+08 5.30003e+08 5.02706e+08
9.bmp 5.85222e+08 5.47088e+08 4.30581e+08
10.bmp 5.38898e+08 6.45294e+08 4.47032e+08
11.bmp 6.89733e+08 5.51927e+08 5.03406e+08
12.bmp 6.7387e+08 5.78173e+08 5.11445e+08
13.bmp 5.4511e+08 5.16341e+08 4.01184e+08
14.bmp 6.51647e+08 5.69452e+08 4.92604e+08
15.bmp 6.29381e+08 5.59112e+08 4.62898e+08
16.bmp 6.28764e+08 5.72912e+08 4.70641e+08
17.bmp 5.58513e+08 5.28934e+08 4.06121e+08
18.bmp 6.73651e+08 5.96868e+08 5.15328e+08
19.bmp 6.55939e+08 5.48938e+08 4.86514e+08
20.bmp 5.74854e+08 5.57075e+08 4.30458e+08
21.bmp 6.38838e+08 5.57406e+08 4.78715e+08
22.bmp 6.68771e+08 5.88969e+08 5.07714e+08
23.bmp 6.94896e+08 5.64492e+08 5.21837e+08
24.bmp 6.55378e+08 5.74211e+08 4.89188e+08
25.bmp 4.8913e+08 5.70608e+08 3.72362e+08
26.bmp 6.16588e+08 5.89223e+08 4.74225e+08
27.bmp 6.49556e+08 5.67168e+08 4.95978e+08
28.bmp 5.94653e+08 5.59228e+08 4.49225e+08
29.bmp 6.28144e+08 5.27087e+08 4.52057e+08
30.bmp 6.72819e+08 5.83618e+08 5.07266e+08
31.bmp 6.49967e+08 4.9639e+08 4.7935e+08
32.bmp 7.01664e+08 6.06752e+08 5.7075e+08
33.bmp 6.42585e+08 5.58837e+08 5.04252e+08
34.bmp 6.52995e+08 5.6098e+08 4.8632e+08
35.bmp 6.05827e+08 5.28601e+08 4.61199e+08
36.bmp 6.77093e+08 5.58194e+08 5.04899e+08
37.bmp 6.48025e+08 5.41906e+08 4.78431e+08
38.bmp 6.60963e+08 5.85624e+08 4.99706e+08
39.bmp 6.03802e+08 5.62255e+08 4.51676e+08
40.bmp 6.12737e+08 5.79634e+08 4.60296e+08
41.bmp 6.83774e+08 5.88248e+08 5.21395e+08
42.bmp 5.94055e+08 5.65371e+08 4.40942e+08
43.bmp 6.70392e+08 5.82163e+08 5.10412e+08
44.bmp 6.65606e+08 5.68442e+08 4.98638e+08
45.bmp 6.95822e+08 5.94467e+08 5.32886e+08
46.bmp 6.99135e+08 6.03901e+08 5.33868e+08
47.bmp 6.20806e+08 5.33122e+08 4.62107e+08
48.bmp 6.73732e+08 5.52602e+08 5.03288e+08
49.bmp 6.74024e+08 5.8753e+08 5.07914e+08
50.bmp 6.0765e+08 5.41755e+08 4.59375e+08
51.bmp 6.64594e+08 5.91983e+08 5.02712e+08
52.bmp 6.42006e+08 5.73821e+08 4.8364e+08
53.bmp 6.23401e+08 5.68263e+08 4.83102e+08
54.bmp 6.25766e+08 5.70189e+08 4.66563e+08
55.bmp 6.33828e+08 5.85731e+08 4.81525e+08
56.bmp 6.23912e+08 5.1807e+08 4.65669e+08
57.bmp 5.59322e+08 5.70127e+08 4.30992e+08
58.bmp 5.48996e+08 5.62838e+08 4.27158e+08
59.bmp 6.08011e+08 5.38703e+08 4.57377e+08
60.bmp 6.42504e+08 5.91692e+08 4.91302e+08
61.bmp 6.33351e+08 5.89654e+08 4.81185e+08
62.bmp 6.1961e+08 5.56255e+08 4.55756e+08
63.bmp 6.10471e+08 5.33375e+08 4.58329e+08
64.bmp 6.16892e+08 5.595e+08 4.59469e+08
65.bmp 6.13666e+08 5.44744e+08 4.55332e+08
66.bmp 5.02488e+08 5.98436e+08 3.9916e+08
67.bmp 6.97323e+08 6.14696e+08 5.23318e+08
68.bmp 5.8242e+08 5.65224e+08 4.3781e+08
69.bmp 6.06998e+08 4.99288e+08 4.46006e+08
70.bmp 5.15944e+08 5.5372e+08 3.91449e+08
71.bmp 5.30777e+08 5.72058e+08 4.00553e+08
72.bmp 6.82594e+08 6.05579e+08 5.23031e+08
73.bmp 6.34708e+08 5.83453e+08 4.79045e+08
74.bmp 6.3573e+08 5.36711e+08 4.69777e+08
75.bmp 6.0625e+08 5.09433e+08 4.45038e+08
76.bmp 6.54907e+08 5.52137e+08 4.76244e+08
77.bmp 6.11848e+08 5.56819e+08 4.56942e+08
78.bmp 6.29123e+08 4.82909e+08 4.48449e+08
79.bmp 6.85147e+08 6.13731e+08 5.2624e+08
80.bmp 6.60909e+08 5.60004e+08 4.91701e+08
81.bmp 6.36384e+08 6.49428e+08 5.2528e+08
82.bmp 5.31491e+08 5.23545e+08 3.87006e+08
83.bmp 6.47709e+08 5.65123e+08 4.95329e+08
84.bmp 5.89092e+08 6.06575e+08 4.65709e+08
85.bmp 7.09438e+08 6.21319e+08 5.43692e+08
86.bmp 6.45815e+08 6.08359e+08 4.90614e+08
87.bmp 6.77839e+08 5.48942e+08 5.04435e+08
88.bmp 5.62339e+08 5.12569e+08 4.09131e+08
89.bmp 6.27231e+08 5.21725e+08 4.54058e+08
90.bmp 5.5747e+08 6.01875e+08 4.44079e+08
91.bmp 6.19021e+08 5.32824e+08 4.58674e+08
92.bmp 6.79071e+08 6.16763e+08 5.20776e+08
93.bmp 6.01589e+08 5.21282e+08 4.51307e+08
94.bmp 6.49141e+08 5.69278e+08 4.88916e+08
95.bmp 6.37082e+08 5.77445e+08 4.76535e+08
96.bmp 5.8509e+08 6.22842e+08 4.70899e+08
97.bmp 6.85904e+08 6.17171e+08 5.47416e+08
98.bmp 6.81418e+08 5.83997e+08 5.11087e+08
99.bmp 6.26318e+08 5.50745e+08 4.72143e+08
100.bmp 6.96145e+08 5.34249e+08 5.13857e+08
101.bmp 1.598e+08 7.8276e+08 1.4477e+08
102.bmp 6.26619e+08 5.2607e+08 4.62167e+08
103.bmp 7.24221e+08 4.80563e+08 5.18096e+08
104.bmp 6.51098e+08 5.26562e+08 4.83789e+08
105.bmp 1.81561e+08 7.32138e+08 1.39807e+08
106.bmp 7.65544e+07 8.84513e+08 9.77415e+07
107.bmp 4.0655e+08 5.57014e+08 2.88669e+08
108.bmp 5.79205e+08 5.2844e+08 4.33982e+08
109.bmp 4.33207e+08 5.89807e+08 3.23445e+08
110.bmp 3.1784e+08 6.54481e+08 2.39145e+08
111.bmp 7.34647e+08 5.3989e+08 5.69744e+08
112.bmp 5.21611e+08 5.28876e+08 3.83957e+08
113.bmp 5.59063e+08 5.67561e+08 4.17053e+08
114.bmp 3.04049e+08 5.95259e+08 2.18322e+08
115.bmp 5.65729e+08 5.41802e+08 4.14338e+08
116.bmp 3.56276e+08 6.04687e+08 2.55827e+08
117.bmp 7.56637e+08 5.1735e+08 5.93047e+08
118.bmp 5.06498e+08 5.45349e+08 3.89808e+08
119.bmp 6.84152e+08 4.55789e+08 5.20533e+08
120.bmp 6.33725e+08 5.69989e+08 4.74739e+08
121.bmp 4.09545e+08 5.55486e+08 2.94009e+08
122.bmp 6.24689e+08 5.24822e+08 4.64649e+08
123.bmp 6.30363e+08 5.72694e+08 4.76564e+08
124.bmp 4.2635e+08 5.38906e+08 3.12955e+08
125.bmp 6.56015e+08 5.39385e+08 4.95682e+08
126.bmp 6.2492e+08 5.55012e+08 4.76349e+08
127.bmp 5.56863e+08 4.93664e+08 4.06052e+08
128.bmp 6.78135e+08 4.83898e+08 5.16743e+08
129.bmp 5.18423e+08 5.04239e+08 3.92435e+08
130.bmp 7.39032e+08 5.19757e+08 5.5506e+08
131.bmp 7.24465e+08 5.51242e+08 5.23994e+08
132.bmp 2.99842e+08 6.68878e+08 2.40244e+08
133.bmp 6.80738e+08 5.98646e+08 5.2226e+08
134.bmp 6.62772e+07 9.17737e+08 9.70445e+07
135.bmp 7.47514e+08 4.58825e+08 5.53656e+08
136.bmp 6.28079e+08 6.93929e+08 5.32324e+08
137.bmp 7.45349e+08 5.62874e+08 5.51698e+08
138.bmp 5.30243e+08 5.5089e+08 3.95135e+08
139.bmp 8.68477e+08 5.4121e+08 7.04563e+08
140.bmp 4.59432e+08 5.36505e+08 3.39495e+08
141.bmp 2.03997e+07 1.07211e+09 8.82153e+07
142.bmp 5.08139e+08 5.26472e+08 3.70899e+08
143.bmp 4.6046e+08 6.07081e+08 3.52036e+08
144.bmp 2.39742e+08 6.91787e+08 1.8246e+08
145.bmp 5.19298e+08 5.56885e+08 3.80574e+08
146.bmp 4.41549e+08 5.91028e+08 3.39298e+08
147.bmp 5.60254e+08 5.51794e+08 4.18894e+08
148.bmp 1.52838e+08 7.62902e+08 1.29667e+08
149.bmp 3.03518e+08 6.20106e+08 2.25051e+08
150.bmp 2.96568e+08 6.47774e+08 2.15001e+08
151.bmp 4.32353e+08 5.69545e+08 3.11953e+08
152.bmp 3.61331e+08 6.21375e+08 2.71493e+08
153.bmp 3.11748e+08 5.94686e+08 2.38705e+08
154.bmp 5.4285e+07 9.80325e+08 9.55019e+07
155.bmp 6.92987e+08 5.46959e+08 5.16637e+08
156.bmp 6.13941e+08 5.41765e+08 4.41563e+08
157.bmp 5.23692e+08 5.20519e+08 3.79471e+08
158.bmp 4.15823e+08 5.85547e+08 3.11962e+08
159.bmp 5.4114e+08 5.35476e+08 4.02158e+08
160.bmp 2.78852e+08 6.40378e+08 2.05652e+08
161.bmp 6.69198e+08 5.14764e+08 4.95198e+08
162.bmp 0 1.30782e+09 1.203e+08
163.bmp 5.05345e+08 5.16432e+08 3.72877e+08
164.bmp 3.81469e+08 6.09244e+08 2.94158e+08
165.bmp 1.36759e+08 8.18595e+08 1.29291e+08
166.bmp 4.80373e+08 5.28756e+08 3.50874e+08
167.bmp 3.1291e+08 6.21919e+08 2.38942e+08
168.bmp 7.26834e+08 4.69519e+08 5.09791e+08
169.bmp 3.13386e+08 6.2417e+08 2.32037e+08
170.bmp 5.46917e+08 5.41821e+08 4.02953e+08
171.bmp 5.8697e+08 5.3303e+08 4.45232e+08
172.bmp 3.13072e+08 6.29784e+08 2.3567e+08
173.bmp 6.97059e+08 5.18174e+08 5.18712e+08
174.bmp 7.27118e+08 4.90167e+08 5.27345e+08
175.bmp 6.53736e+08 5.34336e+08 4.75669e+08
176.bmp 7.39766e+08 5.85158e+08 5.62672e+08
177.bmp 4.45602e+08 5.50253e+08 3.2314e+08
178.bmp 5.10021e+08 5.54468e+08 3.65717e+08
179.bmp 5.02999e+08 5.19322e+08 3.69133e+08
180.bmp 5.3111e+07 9.52213e+08 9.21858e+07
181.bmp 6.99344e+08 5.52634e+08 5.14566e+08
182.bmp 4.04696e+08 5.42288e+08 2.99989e+08
183.bmp 6.58175e+08 5.50391e+08 5.09611e+08
184.bmp 1.10148e+08 8.02487e+08 9.9791e+07
185.bmp 6.35912e+08 5.17893e+08 4.67943e+08
186.bmp 5.91912e+08 5.25635e+08 4.53329e+08
187.bmp 7.01761e+08 4.85192e+08 5.23545e+08
188.bmp 4.71954e+08 5.27938e+08 3.40406e+08
189.bmp 4.37017e+08 6.85346e+08 3.68249e+08
190.bmp 7.71584e+08 5.56111e+08 5.70475e+08
191.bmp 6.56241e+08 4.18072e+08 4.67238e+08
192.bmp 6.20964e+08 5.20057e+08 4.56183e+08
193.bmp 2.73088e+08 6.37227e+08 2.05033e+08
194.bmp 5.37824e+07 9.41997e+08 7.22811e+07
195.bmp 5.00081e+08 5.16995e+08 3.62001e+08
196.bmp 5.16141e+08 6.01472e+08 3.92024e+08
197.bmp 4.4139e+08 5.79045e+08 3.16981e+08
198.bmp 4.62604e+08 5.94652e+08 3.43139e+08
199.bmp 7.00621e+08 5.36861e+08 5.0684e+08
200.bmp 5.78172e+08 5.1236e+08 4.21444e+08
201.bmp 6.63458e+08 5.73837e+08 5.26467e+08
202.bmp 6.70104e+08 6.16122e+08 5.18479e+08
203.bmp 6.56023e+08 5.54196e+08 4.94928e+08
204.bmp 5.56163e+08 5.43546e+08 4.08952e+08
205.bmp 4.72701e+08 7.11601e+08 4.15559e+08
206.bmp 6.37077e+08 5.43013e+08 4.75814e+08
207.bmp 7.1675e+08 5.50017e+08 5.57577e+08
208.bmp 5.58616e+08 5.35657e+08 4.17512e+08
209.bmp 6.22902e+08 5.37358e+08 4.81236e+08
210.bmp 5.00542e+08 5.16287e+08 3.62483e+08
211.bmp 6.05363e+08 6.34298e+08 5.0424e+08
212.bmp 5.96617e+08 5.2955e+08 4.42431e+08
213.bmp 6.16168e+08 5.20924e+08 4.53426e+08
214.bmp 5.82464e+08 5.47907e+08 4.42897e+08
215.bmp 6.72025e+08 5.73343e+08 5.08842e+08
216.bmp 5.26835e+08 6.49401e+08 4.37272e+08
217.bmp 5.85923e+08 6.20104e+08 4.81262e+08
218.bmp 5.18205e+08 5.06685e+08 3.82874e+08
219.bmp 7.08536e+08 5.98411e+08 5.46338e+08
220.bmp 5.83173e+08 5.1095e+08 4.34693e+08
221.bmp 6.60433e+08 5.12233e+08 4.81207e+08
222.bmp 5.71514e+08 5.44657e+08 4.22205e+08
223.bmp 5.06917e+08 6.1419e+08 4.04884e+08
224.bmp 5.90249e+08 5.31261e+08 4.33791e+08
225.bmp 6.50522e+08 5.54932e+08 4.96251e+08
226.bmp 6.69895e+08 5.98528e+08 5.14336e+08
227.bmp 5.28384e+08 5.49364e+08 3.92252e+08
228.bmp 6.55801e+08 5.73771e+08 4.99329e+08
229.bmp 6.28696e+08 5.84279e+08 4.78863e+08
230.bmp 5.34927e+08 5.44703e+08 4.07312e+08
231.bmp 6.416e+08 5.81205e+08 4.87469e+08
232.bmp 6.19578e+08 5.43209e+08 4.73659e+08
233.bmp 6.36534e+08 5.7735e+08 4.82201e+08
234.bmp 5.68732e+08 5.00414e+08 4.19682e+08
235.bmp 5.69532e+08 5.20113e+08 3.96262e+08
236.bmp 6.40518e+08 5.47783e+08 4.78677e+08
237.bmp 5.82345e+08 5.38916e+08 4.37532e+08
238.bmp 6.34946e+08 5.74989e+08 4.90514e+08
239.bmp 5.02742e+08 5.40368e+08 3.69216e+08
240.bmp 6.78076e+08 5.94047e+08 5.19267e+08
241.bmp 6.22274e+08 5.61622e+08 4.67396e+08
242.bmp 6.15052e+08 5.5322e+08 4.63065e+08
243.bmp 5.3606e+08 5.41524e+08 4.04553e+08
244.bmp 7.00294e+08 5.97062e+08 5.48225e+08
245.bmp 4.99474e+08 5.45635e+08 3.79373e+08
246.bmp 6.22129e+08 5.35814e+08 4.69752e+08
247.bmp 6.1656e+08 5.5936e+08 4.58414e+08
248.bmp 6.56025e+08 6.0355e+08 5.07007e+08
249.bmp 6.04912e+08 6.03836e+08 4.8119e+08
250.bmp 5.14082e+08 6.41812e+08 4.32203e+08
251.bmp 5.81383e+08 5.16703e+08 4.252e+08
252.bmp 4.7578e+08 5.38337e+08 3.51393e+08
253.bmp 6.82014e+08 6.10206e+08 5.26009e+08
254.bmp 6.03768e+08 5.17934e+08 4.5996e+08
255.bmp 6.04763e+08 5.086e+08 4.51064e+08
256.bmp 6.88378e+08 5.78363e+08 5.29502e+08
257.bmp 6.01171e+08 5.43309e+08 4.49148e+08
258.bmp 6.09546e+08 5.29549e+08 4.48486e+08
259.bmp 6.29329e+08 5.5702e+08 4.67296e+08
260.bmp 6.75354e+08 5.75108e+08 5.28556e+08
261.bmp 6.21474e+08 5.73131e+08 4.89082e+08
262.bmp 6.24855e+08 5.64732e+08 4.7514e+08
263.bmp 5.82745e+08 5.45684e+08 4.33322e+08
264.bmp 6.12095e+08 5.31818e+08 4.53832e+08
265.bmp 6.09247e+08 5.55355e+08 4.55648e+08
266.bmp 6.68746e+08 5.91839e+08 5.08034e+08
267.bmp 6.26057e+08 5.42327e+08 4.90842e+08
268.bmp 5.47635e+08 5.39961e+08 4.00349e+08
269.bmp 6.34621e+08 5.11643e+08 4.85405e+08
270.bmp 6.45856e+08 5.35699e+08 4.88467e+08
271.bmp 6.02262e+08 5.40351e+08 4.54812e+08
272.bmp 5.57709e+08 6.82271e+08 4.80261e+08
273.bmp 6.94752e+08 5.65561e+08 5.30114e+08
274.bmp 6.49213e+08 5.63022e+08 4.87689e+08
275.bmp 5.80892e+08 5.55876e+08 4.36737e+08
276.bmp 6.43352e+08 5.60312e+08 4.8141e+08
277.bmp 6.15727e+08 5.78915e+08 4.67729e+08
278.bmp 6.36183e+08 5.69952e+08 4.90473e+08
279.bmp 6.47957e+08 5.94551e+08 4.9612e+08
280.bmp 6.1779e+08 5.41557e+08 4.56813e+08
281.bmp 6.27558e+08 5.59618e+08 4.73977e+08
282.bmp 6.49703e+08 5.15726e+08 4.76347e+08
283.bmp 6.28189e+08 4.83612e+08 4.63915e+08
284.bmp 4.90723e+08 5.49311e+08 3.71061e+08
285.bmp 6.47883e+08 5.46901e+08 4.76288e+08
286.bmp 7.96136e+08 1.88184e+08 6.18077e+08
287.bmp 4.5802e+08 5.82246e+08 3.55591e+08
288.bmp 6.05831e+08 5.62953e+08 4.6435e+08
289.bmp 6.65526e+08 5.93915e+08 5.26992e+08
290.bmp 6.10954e+08 5.57941e+08 4.61762e+08
291.bmp 5.49814e+08 5.70412e+08 4.1551e+08
292.bmp 5.45106e+08 5.57935e+08 4.17253e+08
293.bmp 5.49894e+08 5.46979e+08 4.13886e+08
294.bmp 6.63975e+08 5.48218e+08 5.08298e+08
295.bmp 6.39511e+08 5.6003e+08 4.94912e+08
296.bmp 5.4952e+08 5.73602e+08 4.2105e+08
297.bmp 5.39009e+08 5.50406e+08 4.04918e+08
298.bmp 6.23192e+08 5.28702e+08 4.64924e+08
299.bmp 6.02257e+08 5.47053e+08 4.54634e+08
300.bmp 6.72255e+08 5.97143e+08 5.13042e+08
301.bmp 6.98306e+08 5.28085e+08 5.21534e+08
302.bmp 6.85342e+08 5.54457e+08 5.17981e+08
303.bmp 7.00206e+08 5.9709e+08 5.38489e+08
304.bmp 7.01757e+08 5.76727e+08 5.35863e+08
305.bmp 6.57973e+08 5.09987e+08 4.78426e+08
306.bmp 7.09607e+08 5.93073e+08 5.40006e+08
307.bmp 6.81641e+08 5.43422e+08 5.10699e+08
308.bmp 6.63889e+08 4.97088e+08 4.98539e+08
309.bmp 6.69416e+08 5.67044e+08 4.99753e+08
310.bmp 6.35689e+08 5.82867e+08 4.93419e+08
311.bmp 6.39424e+08 5.61483e+08 4.80639e+08
312.bmp 6.69219e+08 5.74814e+08 5.07187e+08
313.bmp 6.92134e+08 6.12767e+08 5.31962e+08
314.bmp 7.28573e+08 6.4346e+08 5.72548e+08
315.bmp 6.76395e+08 5.40511e+08 5.03425e+08
316.bmp 6.67643e+08 5.03456e+08 4.93648e+08
317.bmp 6.89842e+08 4.83703e+08 5.15952e+08
318.bmp 6.96491e+08 5.71182e+08 5.30445e+08
319.bmp 6.60006e+08 5.20226e+08 4.92231e+08
320.bmp 6.6562e+08 5.44007e+08 4.93703e+08
321.bmp 6.61368e+08 5.74703e+08 5.05505e+08
322.bmp 6.4907e+08 5.55326e+08 4.83193e+08
323.bmp 6.40441e+08 5.26263e+08 4.74245e+08
324.bmp 6.73564e+08 5.82983e+08 5.15281e+08
325.bmp 6.84635e+08 6.13868e+08 5.28168e+08
326.bmp 6.89318e+08 5.81231e+08 5.20367e+08
327.bmp 7.15118e+08 6.1103e+08 5.53994e+08
328.bmp 6.38825e+08 5.53582e+08 4.74261e+08
329.bmp 7.03463e+08 6.40225e+08 5.51146e+08
330.bmp 6.95165e+08 6.00325e+08 5.29489e+08
331.bmp 7.06364e+08 5.8867e+08 5.34986e+08
332.bmp 6.98838e+08 5.72551e+08 5.35606e+08
333.bmp 6.63991e+08 5.3585e+08 4.9107e+08
334.bmp 6.27326e+08 4.94765e+08 4.68669e+08
335.bmp 6.90857e+08 5.88372e+08 5.2713e+08
336.bmp 7.12261e+08 5.97335e+08 5.47232e+08
337.bmp 7.01077e+08 6.24257e+08 5.44469e+08
338.bmp 6.68718e+08 5.15013e+08 4.99158e+08
339.bmp 7.35302e+08 6.11459e+08 5.71983e+08
340.bmp 6.36351e+08 5.62625e+08 4.79608e+08
341.bmp 6.62908e+08 6.07785e+08 5.29383e+08
342.bmp 6.60193e+08 4.73803e+08 4.80093e+08
343.bmp 7.08527e+08 6.0441e+08 5.44748e+08
344.bmp 7.27263e+08 5.14957e+08 5.49409e+08
345.bmp 6.85335e+08 5.52122e+08 5.17171e+08
346.bmp 6.01e+08 5.41866e+08 4.42389e+08
347.bmp 6.97105e+08 5.856e+08 5.31007e+08
348.bmp 6.80656e+08 5.72474e+08 5.13621e+08
349.bmp 4.51583e+08 5.88685e+08 3.37163e+08
350.bmp 5.99795e+08 4.93856e+08 4.39071e+08
351.bmp 6.77446e+08 5.691e+08 5.065e+08
352.bmp 6.7541e+08 5.44921e+08 5.01305e+08
353.bmp 6.86346e+08 5.43484e+08 5.10794e+08
354.bmp 6.72265e+08 5.29701e+08 5.03297e+08
355.bmp 5.76168e+08 5.56462e+08 4.3392e+08
356.bmp 7.39041e+08 6.07463e+08 5.74939e+08
357.bmp 5.2203e+08 5.35422e+08 3.83674e+08
358.bmp 6.45964e+08 5.08389e+08 4.74146e+08
359.bmp 6.7923e+08 5.62843e+08 5.07664e+08
360.bmp 6.99393e+08 5.72453e+08 5.25063e+08
361.bmp 5.50429e+08 5.86834e+08 4.3445e+08
362.bmp 6.8643e+08 5.72368e+08 5.22828e+08
363.bmp 7.16472e+08 5.94895e+08 5.51961e+08
364.bmp 6.28242e+08 5.24628e+08 4.60262e+08
365.bmp 6.35603e+08 5.8723e+08 4.9884e+08
366.bmp 6.85806e+08 5.70003e+08 5.18454e+08
367.bmp 5.62658e+08 5.56123e+08 4.30225e+08
368.bmp 6.88621e+08 5.68919e+08 5.13417e+08
369.bmp 7.04015e+08 5.80209e+08 5.41846e+08
370.bmp 6.66747e+08 5.16832e+08 4.84791e+08
371.bmp 6.72255e+08 5.97143e+08 5.13042e+08
372.bmp 6.93969e+08 4.9299e+08 5.30319e+08
373.bmp 6.80933e+08 5.7207e+08 5.16878e+08
374.bmp 6.81483e+08 5.4876e+08 5.19645e+08
375.bmp 6.78769e+08 5.88962e+08 5.18728e+08
376.bmp 5.69092e+08 5.50088e+08 4.27193e+08
377.bmp 6.99334e+08 5.45906e+08 5.22538e+08
378.bmp 6.88382e+08 5.61293e+08 5.17297e+08
379.bmp 6.49748e+08 5.58365e+08 4.8624e+08
380.bmp 6.61194e+08 5.43444e+08 4.9116e+08
381.bmp 6.19602e+08 5.3836e+08 4.69341e+08
382.bmp 7.03374e+08 5.08838e+08 5.24399e+08
383.bmp 6.68983e+08 5.08668e+08 5.03582e+08
384.bmp 7.13415e+08 5.99834e+08 5.42627e+08
385.bmp 6.7792e+08 5.31081e+08 5.1044e+08
386.bmp 6.88407e+08 5.67499e+08 5.22835e+08
387.bmp 6.3547e+08 5.65716e+08 4.77295e+08
388.bmp 7.25226e+08 5.85723e+08 5.54761e+08
389.bmp 6.68113e+08 5.26845e+08 4.97241e+08
390.bmp 6.61825e+08 5.8324e+08 5.0271e+08
391.bmp 6.7874e+08 4.74665e+08 4.95896e+08
392.bmp 6.66331e+08 5.79475e+08 5.01074e+08
393.bmp 6.81304e+08 5.01849e+08 5.03245e+08
394.bmp 7.00596e+08 6.15387e+08 5.38674e+08
395.bmp 6.68355e+08 5.49108e+08 4.99601e+08
396.bmp 6.71544e+08 5.79761e+08 5.069e+08
397.bmp 6.62167e+08 6.00966e+08 5.09963e+08
398.bmp 7.32452e+08 6.07705e+08 5.66723e+08
399.bmp 6.63225e+08 5.22146e+08 4.90073e+08
400.bmp 3.9789e+08 6.48979e+08 3.11811e+08
401.bmp 1.95458e+08 7.26406e+08 1.68622e+08
402.bmp 5.75748e+08 5.53225e+08 4.23955e+08
403.bmp 7.31586e+08 5.62414e+08 5.46108e+08
404.bmp 7.80715e+08 6.3614e+08 6.11195e+08
405.bmp 5.94066e+08 5.7134e+08 4.4392e+08
406.bmp 6.49654e+08 5.67287e+08 4.8444e+08
407.bmp 7.78074e+08 6.31408e+08 6.06622e+08
408.bmp 7.52511e+08 6.05087e+08 5.78638e+08
409.bmp 5.67289e+08 5.6036e+08 4.26128e+08
410.bmp 7.85478e+08 6.40257e+08 6.14442e+08
411.bmp 7.05856e+08 2.93421e+08 5.1748e+08
412.bmp 6.82954e+08 5.71951e+08 5.14067e+08
413.bmp 7.72381e+08 6.21227e+08 5.98314e+08
414.bmp 2.91129e+08 6.84485e+08 2.25352e+08
415.bmp 7.83346e+08 6.31326e+08 6.055e+08
416.bmp 4.60572e+08 6.11985e+08 3.64285e+08
417.bmp 7.46248e+08 5.18722e+08 5.46392e+08
418.bmp 6.84022e+08 5.15368e+08 5.10175e+08
419.bmp 6.67818e+08 5.31786e+08 4.9403e+08
420.bmp 5.34311e+08 5.73467e+08 3.98424e+08
421.bmp 4.25364e+08 5.47631e+08 3.14704e+08
422.bmp 7.71469e+08 6.26336e+08 5.99407e+08
423.bmp 5.51298e+08 6.01836e+08 4.20897e+08
424.bmp 5.31054e+08 5.56193e+08 3.93816e+08
425.bmp 5.25155e+08 5.54316e+08 3.84936e+08
426.bmp 7.56213e+08 6.11423e+08 5.84202e+08
427.bmp 8.21015e+08 6.76081e+08 6.51067e+08
428.bmp 3.60863e+08 5.95389e+08 2.86969e+08
429.bmp 7.59292e+08 6.17832e+08 5.88602e+08
430.bmp 6.18748e+08 5.87386e+08 4.63955e+08
431.bmp 3.949e+08 6.05098e+08 2.99696e+08
432.bmp 7.80227e+08 6.34044e+08 6.07492e+08
433.bmp 3.46719e+08 6.13521e+08 2.6579e+08
434.bmp 7.62185e+08 6.21622e+08 5.92351e+08
435.bmp 5.88924e+08 5.25519e+08 4.20314e+08
436.bmp 7.65205e+08 6.05637e+08 5.87141e+08
437.bmp 7.67711e+08 6.15916e+08 5.9469e+08
438.bmp 7.67731e+08 6.18314e+08 5.9445e+08
439.bmp 7.09119e+08 5.71505e+08 5.36357e+08
440.bmp 8.03054e+08 6.51198e+08 6.20725e+08
441.bmp 7.5374e+08 6.15189e+08 5.81318e+08
442.bmp 7.79637e+08 6.3504e+08 6.08657e+08
443.bmp 6.41043e+08 5.1628e+08 4.5985e+08
444.bmp 7.38834e+08 5.3611e+08 5.41889e+08
445.bmp 7.69101e+08 6.16967e+08 5.96658e+08
446.bmp 7.55399e+08 6.00917e+08 5.74075e+08
447.bmp 7.82369e+08 6.28726e+08 6.08344e+08
448.bmp 4.97396e+08 5.59584e+08 3.7342e+08
449.bmp 7.24522e+08 5.84286e+08 5.52877e+08
450.bmp 6.34941e+08 5.35359e+08 4.7561e+08
451.bmp 5.38901e+08 5.61265e+08 3.95669e+08
452.bmp 7.1291e+08 5.88705e+08 5.45282e+08
453.bmp 5.43181e+08 5.46796e+08 4.01879e+08
454.bmp 3.61556e+08 6.6501e+08 2.82731e+08
455.bmp 6.62129e+08 5.85746e+08 5.01976e+08
456.bmp 6.2391e+08 5.67156e+08 4.67612e+08
457.bmp 5.6982e+08 5.91685e+08 4.47494e+08
458.bmp 5.91729e+08 5.38575e+08 4.44856e+08
459.bmp 7.2934e+08 6.01383e+08 5.59758e+08
460.bmp 5.06435e+08 5.59539e+08 3.77589e+08
461.bmp 5.92314e+08 5.92128e+08 4.51529e+08
462.bmp 6.30837e+08 5.57397e+08 4.79393e+08
463.bmp 6.88696e+08 5.59586e+08 5.14488e+08
464.bmp 4.60839e+08 5.64419e+08 3.42235e+08
465.bmp 5.92861e+08 5.65202e+08 4.38745e+08
466.bmp 6.61055e+08 5.74703e+08 5.07691e+08
467.bmp 6.49467e+08 5.65145e+08 4.85569e+08
468.bmp 7.89204e+08 7.03025e+08 6.30694e+08
469.bmp 6.79028e+08 5.51387e+08 5.05173e+08
470.bmp 8.35718e+08 6.83855e+08 6.61562e+08
471.bmp 4.22228e+08 5.63235e+08 3.11184e+08
472.bmp 3.96355e+08 5.81842e+08 3.00165e+08
473.bmp 5.5812e+08 5.57674e+08 4.13709e+08
474.bmp 5.38525e+08 5.38308e+08 3.95351e+08
475.bmp 3.71273e+08 6.16076e+08 2.85363e+08
476.bmp 6.69629e+08 4.74637e+08 4.85938e+08
477.bmp 7.20854e+08 5.98822e+08 5.53709e+08
478.bmp 4.67244e+08 5.72365e+08 3.44701e+08
479.bmp 4.1018e+08 6.08119e+08 3.0845e+08
480.bmp 5.6314e+08 5.44723e+08 4.098e+08
481.bmp 4.95445e+08 5.89821e+08 3.7609e+08
482.bmp 7.47861e+08 5.8415e+08 5.63395e+08
483.bmp 8.23046e+08 6.81919e+08 6.54283e+08
484.bmp 7.3074e+08 6.01053e+08 5.60819e+08
485.bmp 5.188e+08 5.06391e+08 3.85248e+08
486.bmp 5.16297e+08 5.53487e+08 3.84962e+08
487.bmp 5.70455e+08 5.46544e+08 4.20866e+08
488.bmp 6.44744e+08 5.00615e+08 4.73698e+08
489.bmp 7.51423e+08 5.92871e+08 5.67595e+08
490.bmp 6.38964e+08 5.59265e+08 4.72821e+08
491.bmp 7.17859e+08 5.80076e+08 5.40959e+08
492.bmp 7.71694e+08 6.25095e+08 6.0141e+08
493.bmp 5.00536e+08 5.34222e+08 3.65676e+08
494.bmp 6.97115e+08 5.80021e+08 5.27227e+08
495.bmp 4.62244e+08 5.67284e+08 3.46118e+08
496.bmp 6.35482e+08 5.78426e+08 4.79188e+08
497.bmp 5.59579e+08 5.60004e+08 4.18392e+08
498.bmp 7.70376e+08 6.24856e+08 5.9819e+08
499.bmp 5.91779e+08 5.14653e+08 4.49498e+08
500.bmp 7.6081e+08 5.62343e+08 5.71355e+08
501.bmp 4.78945e+08 6.12399e+08 3.60174e+08
502.bmp 6.18654e+08 5.55355e+08 4.72154e+08
503.bmp 6.85272e+08 5.55315e+08 5.13138e+08
504.bmp 5.24947e+08 5.69341e+08 3.9819e+08
505.bmp 6.28176e+08 5.5474e+08 4.64299e+08
506.bmp 5.34385e+08 5.88717e+08 4.04687e+08
507.bmp 6.7808e+08 5.4713e+08 4.98829e+08
508.bmp 7.22158e+08 5.57522e+08 5.40439e+08
509.bmp 5.31258e+08 5.787e+08 3.98644e+08
510.bmp 7.72606e+08 6.26878e+08 6.0092e+08
511.bmp 7.77516e+08 6.30183e+08 6.07112e+08
512.bmp 7.25875e+08 5.86247e+08 5.51473e+08
513.bmp 7.63126e+08 6.21674e+08 5.90616e+08
514.bmp 7.6115e+08 6.09522e+08 5.86575e+08
515.bmp 5.56986e+08 5.62627e+08 4.17315e+08
516.bmp 7.29692e+08 5.72051e+08 5.52683e+08
517.bmp 6.13105e+08 5.65714e+08 4.60047e+08
518.bmp 5.71058e+08 5.62507e+08 4.27375e+08
519.bmp 5.19642e+08 5.82247e+08 3.9013e+08
520.bmp 7.3582e+08 5.616e+08 5.43703e+08
521.bmp 7.42518e+08 5.93043e+08 5.66286e+08
522.bmp 4.39677e+08 5.46927e+08 3.22383e+08
523.bmp 7.95512e+08 6.45815e+08 6.22634e+08
524.bmp 5.91876e+08 5.65183e+08 4.42412e+08
525.bmp 5.73963e+08 5.85832e+08 4.40583e+08
526.bmp 7.13575e+08 5.55836e+08 5.38191e+08
527.bmp 7.63392e+08 5.94261e+08 5.78307e+08
528.bmp 7.32989e+08 5.91267e+08 5.60241e+08
529.bmp 7.62253e+08 6.16284e+08 5.87438e+08
530.bmp 7.23288e+08 5.70503e+08 5.3692e+08
531.bmp 5.81581e+08 5.73425e+08 4.29101e+08
532.bmp 7.70196e+08 6.20848e+08 5.99223e+08
533.bmp 5.1892e+08 5.64779e+08 3.90671e+08
534.bmp 7.72776e+08 6.27204e+08 6.02855e+08
535.bmp 6.74292e+08 5.48947e+08 4.99403e+08
536.bmp 4.88851e+08 5.63091e+08 3.61125e+08
537.bmp 5.77416e+08 5.35795e+08 4.20639e+08
538.bmp 6.4882e+08 6.09431e+08 4.93854e+08
539.bmp 7.666e+08 6.18e+08 5.94348e+08
540.bmp 8.37822e+08 7.20504e+08 6.75415e+08
541.bmp 3.0873e+08 6.72037e+08 2.4533e+08
542.bmp 7.26537e+08 6.1502e+08 5.63638e+08
543.bmp 4.47657e+08 5.70939e+08 3.29542e+08
544.bmp 4.12765e+08 6.0416e+08 3.11345e+08
545.bmp 6.31497e+08 5.21609e+08 4.56446e+08
546.bmp 4.28992e+08 5.84949e+08 3.20232e+08
547.bmp 4.50615e+08 5.75334e+08 3.32154e+08
548.bmp 5.87266e+08 5.44772e+08 4.33113e+08
549.bmp 7.43603e+08 5.93493e+08 5.68577e+08
550.bmp 1.62602e+08 7.90572e+08 1.45576e+08
551.bmp 5.75757e+08 5.43358e+08 4.21845e+08
552.bmp 7.48018e+08 6.16915e+08 5.80892e+08
553.bmp 7.66524e+08 6.12599e+08 5.92626e+08
554.bmp 4.55684e+08 5.81618e+08 3.44204e+08
555.bmp 7.00633e+08 5.86177e+08 5.343e+08
556.bmp 6.88242e+08 5.57317e+08 5.15906e+08
557.bmp 6.95939e+08 5.28948e+08 5.19131e+08
558.bmp 6.58107e+08 6.18643e+08 5.10996e+08
559.bmp 5.19934e+08 5.69269e+08 3.86445e+08
560.bmp 7.91753e+08 6.46963e+08 6.22731e+08
561.bmp 7.87313e+08 6.30109e+08 6.10366e+08
562.bmp 3.41727e+08 6.20576e+08 2.74748e+08
563.bmp 6.5182e+08 5.46402e+08 4.85787e+08
564.bmp 7.61312e+08 6.15614e+08 5.90176e+08
565.bmp 7.0946e+08 6.21673e+08 5.52511e+08
566.bmp 6.84731e+08 5.69355e+08 5.16133e+08
567.bmp 7.9119e+08 6.44677e+08 6.20983e+08
568.bmp 7.2883e+08 6.09849e+08 5.64443e+08
569.bmp 7.4077e+08 5.84656e+08 5.58858e+08
570.bmp 7.64391e+08 5.39932e+08 5.64173e+08
571.bmp 4.12458e+08 5.70124e+08 3.01973e+08
572.bmp 4.8785e+08 5.16499e+08 3.63213e+08
573.bmp 6.50619e+08 6.14951e+08 5.04636e+08
574.bmp 4.3101e+08 5.84861e+08 3.24726e+08
575.bmp 7.43506e+08 5.76516e+08 5.64901e+08
576.bmp 7.85248e+08 6.41239e+08 6.15673e+08
577.bmp 6.60504e+08 5.50201e+08 5.02173e+08
578.bmp 7.82511e+08 6.37464e+08 6.12595e+08
579.bmp 4.1738e+08 6.34609e+08 3.20661e+08
580.bmp 4.00063e+08 8.30967e+08 3.83288e+08
581.bmp 7.80995e+08 6.32713e+08 6.08106e+08
582.bmp 7.22195e+08 5.49404e+08 5.3384e+08
583.bmp 6.99316e+08 5.70263e+08 5.31373e+08
584.bmp 5.84415e+08 5.64735e+08 4.36412e+08
585.bmp 6.01396e+08 5.17167e+08 4.44056e+08
586.bmp 6.81279e+08 5.65053e+08 5.0731e+08
587.bmp 7.52623e+08 5.8126e+08 5.67937e+08
588.bmp 7.83371e+08 6.37948e+08 6.12987e+08
589.bmp 4.02e+08 6.37995e+08 3.15918e+08
590.bmp 3.90754e+08 6.44187e+08 3.04528e+08
591.bmp 7.63612e+08 6.28001e+08 5.94763e+08
592.bmp 7.97829e+08 6.34366e+08 6.19631e+08
593.bmp 6.67832e+08 6.01453e+08 5.12915e+08
594.bmp 7.36791e+08 6.01885e+08 5.65298e+08
595.bmp 5.85317e+08 5.81633e+08 4.40391e+08
596.bmp 7.0221e+08 5.93497e+08 5.3848e+08
597.bmp 5.4319e+08 5.29897e+08 3.94771e+08
598.bmp 7.77614e+08 6.07723e+08 5.95508e+08
599.bmp 6.24378e+08 5.73721e+08 4.73761e+08
600.bmp 9.04666e+08 7.05223e+08 6.36775e+08
601.bmp 7.53381e+08 5.56395e+08 5.80884e+08
602.bmp 8.4674e+08 6.72988e+08 6.18603e+08
603.bmp 8.09694e+08 3.76668e+08 5.98988e+08
604.bmp 1.18541e+09 2.1453e+07 9.32251e+08
605.bmp 8.12067e+08 6.49982e+08 6.18057e+08
606.bmp 7.81981e+08 6.32304e+08 6.0877e+08
607.bmp 8.78028e+08 5.59958e+08 5.65438e+08
608.bmp 8.0513e+08 3.31952e+08 5.78946e+08
609.bmp 6.60562e+08 6.14039e+08 5.08726e+08
610.bmp 8.58778e+08 6.6368e+08 5.6087e+08
611.bmp 1.203e+08 1.1093e+09 0
612.bmp 7.58921e+08 4.24952e+08 5.5164e+08
613.bmp 7.85556e+08 6.5021e+08 6.15884e+08
614.bmp 7.66646e+08 5.52949e+08 5.546e+08
615.bmp 7.71023e+08 5.18292e+08 5.8175e+08
616.bmp 8.0143e+08 6.63644e+08 6.28755e+08
617.bmp 7.87167e+08 5.56436e+08 5.14756e+08
618.bmp 7.74903e+08 5.37858e+08 5.83349e+08
619.bmp 7.38596e+08 4.70573e+08 5.14863e+08
620.bmp 8.68976e+08 3.57327e+08 6.52188e+08
621.bmp 8.54863e+08 6.95026e+08 6.1697e+08
622.bmp 7.74135e+08 6.38332e+08 6.02261e+08
623.bmp 7.67565e+08 6.30065e+08 5.8772e+08
624.bmp 7.88934e+08 5.7932e+08 6.02864e+08
625.bmp 6.60457e+08 6.0274e+08 5.08118e+08
626.bmp 8.01507e+08 6.51053e+08 6.25962e+08
627.bmp 8.41882e+08 5.13813e+08 6.03237e+08
628.bmp 9.30411e+08 4.29802e+08 6.10697e+08
629.bmp 8.46507e+08 7.19599e+08 6.7848e+08
630.bmp 7.79632e+08 4.57396e+08 5.54343e+08
631.bmp 7.82957e+08 6.03619e+08 5.94062e+08
632.bmp 7.87019e+08 6.35517e+08 6.09037e+08
633.bmp 8.73137e+08 7.3401e+08 6.98869e+08
634.bmp 8.49214e+08 3.99794e+08 6.40775e+08
635.bmp 7.78392e+08 6.39223e+08 6.07219e+08
636.bmp 1.08485e+09 9.37513e+08 9.02902e+08
637.bmp 7.86401e+08 4.81544e+08 6.01336e+08
638.bmp 8.02579e+08 5.84964e+08 5.7528e+08
639.bmp 1.14438e+09 7.24476e+08 6.40424e+08
640.bmp 7.81375e+08 6.37455e+08 6.12074e+08
641.bmp 8.063e+08 5.55381e+08 5.98524e+08
642.bmp 7.9532e+08 6.59513e+08 6.26463e+08
643.bmp 9.59983e+08 7.9435e+08 7.40195e+08
644.bmp 7.95764e+08 3.99526e+08 5.50758e+08
645.bmp 7.59403e+08 5.44249e+08 5.76972e+08
646.bmp 7.85586e+08 6.29772e+08 6.07543e+08
647.bmp 8.58908e+08 5.54078e+08 5.10712e+08
648.bmp 7.72728e+08 6.02844e+08 5.77605e+08
649.bmp 1.30782e+09 0 1.1093e+09
650.bmp 7.70897e+08 6.14688e+08 5.87572e+08
651.bmp 7.92631e+08 6.49747e+08 6.22694e+08
652.bmp 7.81938e+08 5.77061e+08 5.65122e+08
653.bmp 8.45723e+08 6.32939e+08 6.17586e+08
654.bmp 9.04339e+08 2.5164e+08 6.16644e+08
655.bmp 8.66057e+08 1.89936e+08 6.87911e+08
656.bmp 7.73017e+08 5.91169e+08 5.90164e+08
657.bmp 7.7619e+08 6.2748e+08 5.9967e+08
658.bmp 7.84566e+08 6.34723e+08 6.09893e+08
659.bmp 7.67476e+08 6.12499e+08 5.62681e+08
660.bmp 7.84445e+08 6.48744e+08 6.15642e+08
661.bmp 7.93877e+08 5.82361e+08 5.55007e+08
662.bmp 8.38701e+08 6.91907e+08 6.63249e+08
663.bmp 7.85418e+08 6.44804e+08 6.1809e+08
664.bmp 7.84446e+08 6.42255e+08 6.14314e+08
665.bmp 8.11549e+08 6.42781e+08 5.76525e+08
666.bmp 7.47011e+08 5.5153e+08 5.58215e+08
667.bmp 8.05943e+08 5.48293e+08 5.45065e+08
668.bmp 7.21226e+08 5.91672e+08 5.64034e+08
669.bmp 1.24939e+09 7.20798e+06 1.02854e+09
670.bmp 7.98915e+08 6.62287e+08 6.10263e+08
671.bmp 7.70211e+08 6.07982e+08 5.65377e+08
672.bmp 7.80267e+08 6.48673e+08 6.11796e+08
673.bmp 8.20669e+08 6.59883e+08 5.25152e+08
674.bmp 7.78697e+08 4.70437e+08 5.35562e+08
675.bmp 6.16973e+08 5.83313e+08 5.02102e+08
676.bmp 7.61348e+08 6.1807e+08 5.8419e+08
677.bmp 7.84503e+08 6.31256e+08 5.97702e+08
678.bmp 8.04061e+08 6.35085e+08 6.08691e+08
679.bmp 7.83113e+08 6.02206e+08 5.83227e+08
680.bmp 8.57794e+08 4.42196e+08 5.14622e+08
681.bmp 7.69924e+08 5.5366e+08 5.56922e+08
682.bmp 8.51845e+08 4.91496e+08 6.6387e+08
683.bmp 7.48713e+08 5.79402e+08 5.57878e+08
684.bmp 7.68579e+08 6.19272e+08 5.91642e+08
685.bmp 7.66485e+08 5.06487e+08 5.59298e+08
686.bmp 8.68759e+08 6.81952e+08 5.85164e+08
687.bmp 7.54055e+08 5.49604e+08 5.22e+08
688.bmp 8.05255e+08 6.71062e+08 6.36024e+08
689.bmp 7.76912e+08 5.36084e+08 5.39011e+08
690.bmp 8.1359e+08 6.49225e+08 6.22979e+08
691.bmp 7.92156e+08 6.49025e+08 6.1331e+08
692.bmp 7.92877e+08 6.17841e+08 5.21711e+08
693.bmp 9.56087e+08 6.79917e+08 5.30149e+08
694.bmp 8.22737e+08 6.73585e+08 6.45781e+08
695.bmp 8.22234e+08 6.44838e+08 5.9608e+08
696.bmp 7.26323e+08 5.67641e+08 5.40593e+08
697.bmp 7.76776e+08 5.69627e+08 5.46458e+08
698.bmp 8.14732e+08 3.62758e+08 5.94925e+08
699.bmp 7.64483e+08 5.70863e+08 5.57447e+08
700.bmp 6.95229e+08 5.54992e+08 5.27142e+08
701.bmp 4.79601e+08 6.17335e+08 3.79919e+08
702.bmp 3.82553e+08 6.20482e+08 2.95173e+08
703.bmp 5.45924e+08 5.79573e+08 4.19056e+08
704.bmp 6.6157e+08 5.2636e+08 4.86369e+08
705.bmp 3.24649e+08 6.66054e+08 2.50692e+08
706.bmp 5.87259e+08 5.71277e+08 4.31488e+08
707.bmp 5.80501e+08 5.78951e+08 4.34829e+08
708.bmp 6.07796e+08 5.76101e+08 4.74511e+08
709.bmp 6.4711e+08 5.66192e+08 4.8278e+08
710.bmp 4.57931e+08 6.36564e+08 3.64219e+08
711.bmp 6.31208e+08 5.80301e+08 4.78119e+08
712.bmp 3.5598e+08 6.61032e+08 2.79892e+08
713.bmp 6.26497e+08 5.90168e+08 4.74494e+08
714.bmp 6.19218e+08 6.42016e+08 5.11088e+08
715.bmp 7.18183e+08 6.08391e+08 5.45039e+08
716.bmp 4.06042e+08 6.51902e+08 3.22235e+08
717.bmp 6.1198e+08 5.73625e+08 4.60882e+08
718.bmp 6.73431e+08 5.4314e+08 4.9728e+08
719.bmp 6.38998e+08 6.04207e+08 4.89181e+08
720.bmp 5.90372e+08 5.70805e+08 4.56303e+08
721.bmp 6.8035e+08 6.21893e+08 5.26565e+08
722.bmp 7.00174e+08 6.14727e+08 5.41266e+08
723.bmp 6.40697e+08 5.07436e+08 4.67966e+08
724.bmp 3.49975e+08 6.3235e+08 2.70326e+08
725.bmp 5.7198e+08 5.65084e+08 4.27461e+08
726.bmp 7.28439e+08 5.21242e+08 5.18051e+08
727.bmp 4.321e+08 6.40649e+08 3.29873e+08
728.bmp 7.26061e+08 6.1483e+08 5.57482e+08
729.bmp 7.14314e+08 6.17038e+08 5.53485e+08
730.bmp 5.66709e+08 5.88093e+08 4.36251e+08
731.bmp 4.20738e+08 6.35125e+08 3.1821e+08
732.bmp 6.19325e+08 6.14152e+08 4.77728e+08
733.bmp 6.93132e+08 5.16505e+08 4.99811e+08
734.bmp 5.94682e+08 6.93029e+08 5.08436e+08
735.bmp 6.56155e+08 6.06119e+08 5.12515e+08
736.bmp 6.83562e+08 5.82466e+08 5.29065e+08
737.bmp 6.47401e+08 7.04055e+08 5.53276e+08
738.bmp 6.89646e+08 6.21391e+08 5.32786e+08
739.bmp 4.3762e+08 6.0191e+08 3.32459e+08
740.bmp 4.24763e+08 6.24096e+08 3.37352e+08
741.bmp 6.92738e+08 6.2189e+08 5.38219e+08
742.bmp 6.24583e+08 5.53516e+08 4.70717e+08
743.bmp 5.26568e+08 5.36359e+08 3.80632e+08
744.bmp 6.87908e+08 6.11047e+08 5.26881e+08
745.bmp 6.807e+08 5.55946e+08 5.08926e+08
746.bmp 7.11366e+08 5.36941e+08 5.22352e+08
747.bmp 4.24085e+08 6.13469e+08 3.2525e+08
748.bmp 7.06496e+08 5.84887e+08 5.32522e+08
749.bmp 5.81678e+08 5.4901e+08 4.30462e+08
750.bmp 5.64647e+08 5.42831e+08 4.16193e+08
751.bmp 6.67367e+08 5.98111e+08 5.14712e+08
752.bmp 3.62049e+08 6.47064e+08 2.85621e+08
753.bmp 2.45397e+08 7.63471e+08 2.22829e+08
754.bmp 4.18222e+08 6.25387e+08 3.21723e+08
755.bmp 1.89539e+08 7.59219e+08 1.7307e+08
756.bmp 5.71946e+08 5.73579e+08 4.26033e+08
757.bmp 5.75639e+08 5.64502e+08 4.29916e+08
758.bmp 5.22488e+08 5.70892e+08 3.91149e+08
759.bmp 5.69449e+08 6.04744e+08 4.35728e+08
760.bmp 3.95285e+08 5.46398e+08 2.90002e+08
761.bmp 6.17742e+08 5.6114e+08 4.78809e+08
762.bmp 4.72843e+08 5.97492e+08 3.63739e+08
763.bmp 5.52128e+08 5.78414e+08 4.11123e+08
764.bmp 6.7564e+08 5.49776e+08 5.2079e+08
765.bmp 3.89887e+08 6.23602e+08 2.99079e+08
766.bmp 7.29553e+08 6.34576e+08 5.67989e+08
767.bmp 5.98454e+08 5.84156e+08 4.47324e+08
768.bmp 7.25719e+08 6.11656e+08 5.62782e+08
769.bmp 6.8156e+08 6.07916e+08 5.18147e+08
770.bmp 6.78664e+08 5.56869e+08 5.0918e+08
771.bmp 5.84677e+08 5.48164e+08 4.41828e+08
772.bmp 5.61783e+08 5.50887e+08 4.11126e+08
773.bmp 5.67463e+08 5.88534e+08 4.36206e+08
774.bmp 3.60557e+08 6.24996e+08 2.72337e+08
775.bmp 6.83357e+08 5.94515e+08 5.1012e+08
776.bmp 6.93251e+08 6.13021e+08 5.35637e+08
777.bmp 3.27334e+08 7.06102e+08 2.59419e+08
778.bmp 3.24421e+08 6.21229e+08 2.45304e+08
779.bmp 7.11951e+08 5.53021e+08 5.15581e+08
780.bmp 6.98752e+08 5.90679e+08 5.3354e+08
781.bmp 6.28603e+08 5.7915e+08 4.61991e+08
782.bmp 5.89294e+08 5.72716e+08 4.54062e+08
783.bmp 6.67058e+08 5.92257e+08 5.10122e+08
784.bmp 2.75476e+08 6.68808e+08 2.08568e+08
785.bmp 6.64581e+08 5.84688e+08 5.17257e+08
786.bmp 6.89226e+08 6.27781e+08 5.52354e+08
787.bmp 4.50311e+08 6.10138e+08 3.60739e+08
788.bmp 7.11009e+08 6.57864e+08 5.58914e+08
789.bmp 5.61106e+08 6.02086e+08 4.09483e+08
790.bmp 6.11474e+08 6.26085e+08 4.95765e+08
791.bmp 4.86735e+08 5.96405e+08 3.92875e+08
792.bmp 5.01772e+08 5.78153e+08 3.7354e+08
793.bmp 5.53955e+08 6.00973e+08 4.2708e+08
794.bmp 4.79647e+08 5.79611e+08 3.62348e+08
795.bmp 4.92277e+08 5.61447e+08 3.62525e+08
796.bmp 6.96578e+08 6.25928e+08 5.36401e+08
797.bmp 2.08877e+08 7.48453e+08 1.87194e+08
798.bmp 6.42657e+08 5.81602e+08 4.82872e+08
799.bmp 5.95655e+08 5.90703e+08 4.49494e+08
800.bmp 6.98907e+08 5.37249e+08 5.12323e+08
801.bmp 7.09873e+08 5.78399e+08 5.27261e+08
802.bmp 7.0118e+08 6.0301e+08 5.37128e+08
803.bmp 7.10691e+08 6.20891e+08 5.51984e+08
804.bmp 6.98578e+08 5.68099e+08 5.17199e+08
805.bmp 6.83833e+08 6.00808e+08 5.21556e+08
806.bmp 7.21978e+08 6.41336e+08 5.60122e+08
807.bmp 6.9282e+08 5.99e+08 5.29458e+08
808.bmp 7.12011e+08 5.85148e+08 5.40222e+08
809.bmp 7.50908e+08 6.21294e+08 5.79493e+08
810.bmp 6.98863e+08 6.34392e+08 5.45459e+08
811.bmp 6.90938e+08 5.80522e+08 5.10481e+08
812.bmp 6.99944e+08 6.16369e+08 5.37333e+08
813.bmp 6.8897e+08 6.16984e+08 5.32763e+08
814.bmp 6.97182e+08 6.25882e+08 5.40683e+08
815.bmp 7.09995e+08 5.94363e+08 5.39985e+08
816.bmp 6.98094e+08 5.67654e+08 5.25341e+08
817.bmp 7.04826e+08 5.90286e+08 5.33271e+08
818.bmp 7.16976e+08 6.28321e+08 5.55377e+08
819.bmp 7.15295e+08 6.20092e+08 5.43157e+08
820.bmp 6.92875e+08 6.15166e+08 5.3335e+08
821.bmp 7.2349e+08 5.70998e+08 5.44953e+08
822.bmp 6.95571e+08 5.97181e+08 5.28636e+08
823.bmp 7.07745e+08 5.32234e+08 5.07274e+08
824.bmp 6.96935e+08 6.1522e+08 5.35021e+08
825.bmp 7.1273e+08 6.04178e+08 5.37357e+08
826.bmp 7.25764e+08 6.29657e+08 5.64605e+08
827.bmp 7.17986e+08 6.15281e+08 5.52021e+08
828.bmp 6.79175e+08 5.48238e+08 5.08843e+08
829.bmp 6.89254e+08 5.75865e+08 5.19314e+08
830.bmp 7.24153e+08 5.6935e+08 5.41023e+08
831.bmp 6.92295e+08 5.32177e+08 5.0477e+08
832.bmp 7.24518e+08 5.58803e+08 5.57241e+08
833.bmp 7.03206e+08 6.02005e+08 5.32181e+08
834.bmp 6.75214e+08 5.75415e+08 5.08349e+08
835.bmp 7.00166e+08 5.80467e+08 5.32899e+08
836.bmp 6.90708e+08 5.97762e+08 5.29637e+08
837.bmp 7.17492e+08 5.79325e+08 5.37603e+08
838.bmp 7.25577e+08 5.55252e+08 5.42926e+08
839.bmp 6.92967e+08 6.14545e+08 5.36494e+08
840.bmp 6.82468e+08 5.98002e+08 5.17429e+08
841.bmp 6.99371e+08 6.04438e+08 5.37395e+08
842.bmp 7.0427e+08 5.39334e+08 5.10886e+08
843.bmp 6.84693e+08 4.61686e+08 4.89012e+08
844.bmp 7.08307e+08 6.09141e+08 5.43202e+08
845.bmp 6.96901e+08 6.14172e+08 5.33064e+08
846.bmp 6.63206e+08 5.46319e+08 4.97225e+08
847.bmp 7.07201e+08 6.04996e+08 5.37394e+08
848.bmp 7.03633e+08 5.50532e+08 5.26758e+08
849.bmp 6.88781e+08 6.06526e+08 5.25723e+08
850.bmp 6.90167e+08 6.09738e+08 5.33585e+08
851.bmp 7.06196e+08 6.17558e+08 5.42668e+08
852.bmp 6.90571e+08 5.28469e+08 5.11292e+08
853.bmp 6.98103e+08 6.16685e+08 5.30211e+08
854.bmp 7.12194e+08 6.40263e+08 5.56494e+08
855.bmp 7.0486e+08 6.17821e+08 5.27687e+08
856.bmp 6.87287e+08 5.84416e+08 5.13296e+08
857.bmp 7.22189e+08 6.38442e+08 5.64445e+08
858.bmp 6.77323e+08 5.63698e+08 5.13275e+08
859.bmp 7.19589e+08 4.72948e+08 5.15156e+08
860.bmp 7.05914e+08 5.96227e+08 5.3162e+08
861.bmp 6.95294e+08 6.08056e+08 5.27933e+08
862.bmp 6.98828e+08 5.83874e+08 5.24504e+08
863.bmp 7.19472e+08 6.08214e+08 5.46382e+08
864.bmp 6.94497e+08 5.746e+08 5.13484e+08
865.bmp 6.99422e+08 6.04482e+08 5.32862e+08
866.bmp 6.90568e+08 6.08313e+08 5.2588e+08
867.bmp 7.18674e+08 5.95364e+08 5.52612e+08
868.bmp 7.1557e+08 6.1274e+08 5.46325e+08
869.bmp 6.89726e+08 5.85022e+08 5.03986e+08
870.bmp 6.8278e+08 5.76085e+08 5.1412e+08
871.bmp 6.89506e+08 5.75382e+08 5.18696e+08
872.bmp 7.00622e+08 6.01855e+08 5.37038e+08
873.bmp 7.1152e+08 5.99141e+08 5.45205e+08
874.bmp 7.1686e+08 5.57109e+08 5.35443e+08
875.bmp 7.27003e+08 6.3642e+08 5.6957e+08
876.bmp 6.85356e+08 5.46451e+08 5.02052e+08
877.bmp 7.21426e+08 6.23495e+08 5.60953e+08
878.bmp 7.15399e+08 6.28157e+08 5.55516e+08
879.bmp 6.89032e+08 5.61197e+08 5.11661e+08
880.bmp 7.11667e+08 5.05962e+08 5.21284e+08
881.bmp 6.93593e+08 6.04573e+08 5.30504e+08
882.bmp 6.87039e+08 5.19589e+08 5.0563e+08
883.bmp 7.23375e+08 6.20549e+08 5.5552e+08
884.bmp 7.08279e+08 5.85432e+08 5.43923e+08
885.bmp 7.05388e+08 5.63042e+08 5.2316e+08
886.bmp 6.98442e+08 6.12017e+08 5.26962e+08
887.bmp 7.17008e+08 6.15949e+08 5.43789e+08
888.bmp 6.89429e+08 5.33599e+08 5.08022e+08
889.bmp 7.03985e+08 6.30252e+08 5.46665e+08
890.bmp 7.08291e+08 6.05818e+08 5.43701e+08
891.bmp 6.92709e+08 5.27716e+08 5.07064e+08
892.bmp 6.95878e+08 6.25188e+08 5.40107e+08
893.bmp 7.17765e+08 5.71731e+08 5.31695e+08
894.bmp 6.83242e+08 4.98107e+08 4.96682e+08
895.bmp 7.08322e+08 5.41147e+08 5.17569e+08
896.bmp 7.07374e+08 6.08198e+08 5.40862e+08
897.bmp 6.9899e+08 6.11155e+08 5.32655e+08
898.bmp 6.9371e+08 5.84823e+08 5.24454e+08
899.bmp 5.343e+08 5.65093e+08 3.95639e+08
900.bmp 5.75963e+08 5.58699e+08 4.25151e+08
901.bmp 5.16471e+08 5.54438e+08 3.83464e+08
902.bmp 6.68774e+08 5.95838e+08 5.11172e+08
903.bmp 7.60136e+08 6.52737e+08 5.93064e+08
904.bmp 6.49533e+08 5.33521e+08 4.65927e+08
905.bmp 6.36312e+08 5.4022e+08 4.6444e+08
906.bmp 7.04232e+08 6.03279e+08 5.35742e+08
907.bmp 2.08218e+08 7.05694e+08 1.72042e+08
908.bmp 6.91761e+08 6.05989e+08 5.26906e+08
909.bmp 6.12963e+08 5.72188e+08 4.49118e+08
910.bmp 6.96346e+08 5.76289e+08 5.19854e+08
911.bmp 5.87718e+08 5.95613e+08 4.47504e+08
912.bmp 6.2503e+08 4.60149e+08 4.60461e+08
913.bmp 4.1908e+08 5.65925e+08 3.15806e+08
914.bmp 5.82045e+08 5.60912e+08 4.34702e+08
915.bmp 5.4797e+08 5.56328e+08 4.01454e+08
916.bmp 5.94092e+08 5.64184e+08 4.40518e+08
917.bmp 6.97376e+08 5.68405e+08 5.20301e+08
918.bmp 5.61111e+08 5.59608e+08 4.18388e+08
919.bmp 7.05095e+08 5.95014e+08 5.39553e+08
920.bmp 5.55975e+08 5.29892e+08 4.09376e+08
921.bmp 6.24312e+08 5.70953e+08 4.65494e+08
922.bmp 6.83388e+08 5.50413e+08 5.07172e+08
923.bmp 7.18082e+08 5.76721e+08 5.34421e+08
924.bmp 6.67771e+08 5.643e+08 5.00164e+08
925.bmp 5.98284e+08 5.5022e+08 4.42836e+08
926.bmp 6.59945e+08 5.70326e+08 5.00271e+08
927.bmp 5.78573e+08 5.63981e+08 4.34046e+08
928.bmp 6.33134e+08 5.66011e+08 4.71968e+08
929.bmp 6.72763e+08 5.77019e+08 5.06061e+08
930.bmp 6.6432e+08 5.39001e+08 4.94068e+08
931.bmp 5.31369e+08 5.20057e+08 3.79981e+08
932.bmp 6.97524e+08 5.80805e+08 5.304e+08
933.bmp 6.87773e+08 6.01734e+08 5.25896e+08
934.bmp 6.96454e+08 5.99296e+08 5.32646e+08
935.bmp 5.92821e+08 5.56699e+08 4.41178e+08
936.bmp 6.91645e+08 5.7042e+08 5.17804e+08
937.bmp 6.69762e+08 5.76346e+08 5.00144e+08
938.bmp 6.61676e+08 5.57956e+08 4.88509e+08
939.bmp 1.94888e+08 7.32905e+08 1.72512e+08
940.bmp 6.5849e+08 5.80715e+08 5.02816e+08
941.bmp 5.93167e+08 5.78033e+08 4.46549e+08
942.bmp 5.83123e+08 5.65367e+08 4.31639e+08
943.bmp 5.74438e+08 5.56161e+08 4.27729e+08
944.bmp 6.97434e+08 5.93828e+08 5.21421e+08
945.bmp 6.97544e+08 5.89533e+08 5.273e+08
946.bmp 6.90463e+08 5.49964e+08 5.08112e+08
947.bmp 5.85991e+08 5.17618e+08 4.24678e+08
948.bmp 5.11289e+08 5.38089e+08 3.75106e+08
949.bmp 6.2205e+08 5.692e+08 4.64415e+08
950.bmp 4.58742e+08 5.74029e+08 3.41572e+08
951.bmp 7.13257e+08 6.02402e+08 5.5009e+08
952.bmp 5.43423e+08 5.54392e+08 3.98124e+08
953.bmp 5.70211e+08 3.55383e+08 4.37456e+08
954.bmp 6.3489e+08 5.65511e+08 4.7529e+08
955.bmp 4.90474e+08 5.32351e+08 3.53221e+08
956.bmp 6.43178e+08 5.34633e+08 4.72482e+08
957.bmp 5.98376e+08 5.26143e+08 4.32045e+08
958.bmp 4.42552e+08 6.26126e+08 3.40906e+08
959.bmp 6.89057e+08 6.08323e+08 5.28e+08
960.bmp 5.96466e+08 5.5159e+08 4.41322e+08
961.bmp 6.73142e+08 6.17543e+08 5.179e+08
962.bmp 5.72135e+08 5.45142e+08 4.22773e+08
963.bmp 4.98289e+08 5.77031e+08 3.84933e+08
964.bmp 6.87263e+08 5.63254e+08 5.09144e+08
965.bmp 4.09447e+08 5.59471e+08 3.016e+08
966.bmp 5.53842e+08 5.09848e+08 4.02003e+08
967.bmp 6.90509e+08 6.13786e+08 5.32817e+08
968.bmp 6.77385e+08 5.57942e+08 5.08382e+08
969.bmp 5.81476e+08 5.51387e+08 4.2666e+08
970.bmp 7.01221e+08 5.7749e+08 5.24672e+08
971.bmp 6.55481e+08 6.01964e+08 5.00274e+08
972.bmp 6.49481e+08 5.67316e+08 4.85087e+08
973.bmp 6.74529e+08 5.95721e+08 5.16806e+08
974.bmp 7.1356e+08 5.6266e+08 5.35701e+08
975.bmp 4.65323e+08 5.50141e+08 3.36946e+08
976.bmp 5.65561e+08 5.12453e+08 4.00657e+08
977.bmp 6.89556e+08 5.77707e+08 5.18984e+08
978.bmp 6.91703e+08 5.81321e+08 5.1975e+08
979.bmp 5.41556e+08 5.0838e+08 3.93591e+08
980.bmp 3.45545e+08 6.11514e+08 2.61632e+08
981.bmp 5.39723e+08 5.19258e+08 3.89166e+08
982.bmp 5.2233e+08 5.40335e+08 3.77382e+08
983.bmp 6.03748e+08 5.51062e+08 4.54616e+08
984.bmp 6.95649e+08 5.91624e+08 5.29907e+08
985.bmp 5.49087e+08 5.39561e+08 4.0598e+08
986.bmp 6.78036e+08 5.92088e+08 5.17267e+08
987.bmp 6.07592e+08 5.57707e+08 4.5347e+08
988.bmp 6.32709e+08 5.68339e+08 4.7331e+08
989.bmp 6.6821e+08 5.89335e+08 5.08022e+08
990.bmp 6.66593e+08 5.4535e+08 4.88947e+08
991.bmp 6.13507e+08 5.51717e+08 4.5743e+08
992.bmp 7.16298e+08 6.10007e+08 5.52875e+08
993.bmp 6.83594e+08 5.63642e+08 5.08901e+08
994.bmp 6.08068e+08 5.54459e+08 4.54737e+08
995.bmp 5.14629e+08 5.63057e+08 3.84256e+08
996.bmp 5.82383e+08 5.34461e+08 4.2615e+08
997.bmp 7.05252e+08 5.7838e+08 5.24283e+08
998.bmp 7.02627e+08 5.94194e+08 5.30387e+08
999.bmp 6.90874e+08 6.03572e+08 5.16614e+08
